Pixel: [320, 300] Ray: {0 0 14} -> {0.00103347 0.125052 -0.99215}
T = 12.9233
Object Type: Sphere
Color: 1 0 1
