Pixel: [320, 240] Ray: {0 0 14} -> {0.00104165 0.00104165 -0.999999}
T = 12.0001
Object Type: Sphere
Color: 1 0 1
